-4.287544763077644|-0.9752943187208484|1.0
-2.4098368857533434|-3.9423985894705753|1.0
-2.4436862318228334|-3.792898241189376|1.0
-2.4234545833612833|-3.8592025290820713|1.0
-2.432478964314477|-3.8440203147436667|1.0
-2.393130533394534|-3.826994983839434|1.0
-2.2974986083934215|-3.980965599922959|1.0
-2.4306333590825933|-3.906066875111779|1.0
-2.372405470614599|-3.853363711555778|1.0
-2.40717572959088|-3.903540236639506|1.0
-2.425429118363598|-3.9086011399589067|1.0
-2.396698049689745|-3.886398786857531|1.0
-2.4236761362456507|-3.8332343012345733|1.0
-2.425013249574575|-3.925152279557878|1.0
-2.459762203972785|-3.849258857473251|1.0
-2.37166436321854|-3.922483494802719|1.0
-2.3792567011985426|-3.898763218110023|1.0
-2.375018190543897|-3.911179977223942|1.0
-2.432388944785633|-3.865921094157808|1.0
-2.455366108125345|-3.7929559433603117|1.0
-2.4750307746664397|-3.7807661149200174|1.0
-6.289565282042689|-4.068665385447324|1.0
-2.3755034072720838|-3.831747709237009|1.0
-2.455081396786958|-3.943422199584842|1.0
-2.4407087783959174|-3.8900598828465784|1.0
-2.4505405263129507|-3.8027514043652344|1.0
-2.511439102281973|-3.8537112322066305|1.0
-2.5258012660234246|-3.8989599174600995|1.0
-2.438193924851805|-3.8427155427787008|1.0
-2.5181992283080072|-3.8472745591133726|1.0
-2.449286797986021|-3.841231471040404|1.0
-2.4419018820554004|-3.8978424406874925|1.0
-2.516606191005561|-3.801882405607467|1.0
-2.4690512021305637|-3.82701995554317|1.0
-2.5072466391582|-3.8800256630102092|1.0
-2.502966035664333|-3.8861904566338588|1.0
-2.802639086473046|-3.724151501463302|1.0
-2.4418666246184344|-3.933229287812936|1.0
-2.4291567646780656|-3.8637677590535313|1.0
-2.4148513856715654|-3.8405734235612994|1.0
-2.4406004459165596|-3.8845993933800584|1.0
-2.4216683685091596|-3.8581490370265765|1.0
-2.417763281933055|-3.849655581528117|1.0
-2.4191858445857233|-3.8690798108992754|1.0
-2.4259151729908033|-3.8871923330709137|1.0
-2.44595370464974|-3.8891491487196044|1.0
-2.353802798462044|-3.837438335084813|1.0
-2.394959771451962|-3.870785273611599|1.0
-2.4044319232330227|-3.8066539258849788|1.0
-2.4250010316044244|-3.8575620648331337|1.0
-2.3599443141296295|-3.828105197473115|1.0
-2.3938642276425774|-3.8514541175057744|1.0
-2.4618772525484216|-3.903213343222089|1.0
-2.713244669456165|-3.7867577263314716|1.0
-2.490724259045094|-3.8480538464532836|1.0
-2.4050976379859565|-3.8625060545057015|1.0
-2.3771386194072988|-3.877865830184064|1.0
-2.3633197160691832|-3.8886355349690334|1.0
-2.3696645760347095|-3.9569006306580143|1.0
-2.432741643653263|-3.8898352574071957|1.0
-2.7596325032421234|-3.6986738105645642|1.0
-2.4361080050748165|-3.821795670419511|1.0
-2.424046946665785|-3.7906437725554984|1.0
-2.3854857244243415|-3.8301453813887902|1.0
-2.395736094917458|-3.911134721692578|1.0
-2.3840399161622026|-3.8758163320068606|1.0
-2.72590244879207|-3.72044865906376|1.0
-2.358989985472|-3.8777837032711164|1.0
-2.459594334370224|-3.8775650229207113|1.0
-2.3140160480283036|-3.899765937524894|1.0
-2.3740494097608584|-3.8483944253531166|1.0
-2.3882699655015394|-3.860403278204286|1.0
-2.372621290250101|-3.8822285253323328|1.0
-2.414688079493762|-3.914336860740498|1.0
-2.4258686685420674|-3.8604906990789445|1.0
-2.3821782628795787|-3.819442325668683|1.0
-2.4585228032188664|-3.8724503110381505|1.0
-2.4278957764847426|-3.8440584763389607|1.0
-2.3840086996500722|-3.897398276487515|1.0
-2.4079735701475182|-3.7949895485867096|1.0
-2.414738143266992|-3.822460707334659|1.0
-2.381299790789714|-3.8195283250778234|1.0
-2.4116155932058607|-3.8298416880442225|1.0
-2.425750269837698|-3.8615075828921555|1.0
-2.4044236114401447|-3.826350532451476|1.0
-2.451939501427149|-3.786622743370189|1.0
-2.37270475155903|-3.828481525537973|1.0
-2.39443129057087|-3.879433268940305|1.0
-2.6954106566284484|-3.752468183652044|1.0
-2.4193462898050537|-3.805692073918871|1.0
-2.456901920350389|-3.8509513609577293|1.0
-2.324597800728581|-3.8796719742029935|1.0
-2.3996413770074274|-3.8095071352406533|1.0
-2.398439583071762|-3.8575899024638147|1.0
-2.460284191442286|-3.7956275909360513|1.0
-2.3959149962024195|-3.800647548667377|1.0
-2.748644355139293|-3.698152415317703|1.0
-2.7276331071897286|-3.667496274711868|1.0
-2.4199438903911945|-3.914295149656184|1.0
-2.704544488736773|-3.7235237172941513|1.0
-2.3644732294341604|-3.814143052442078|1.0
-2.408219126519253|-3.8582798473260143|1.0
-2.3815629538076117|-3.8463296028221814|1.0
-2.3428366951136566|-3.8910345830891258|1.0
-2.4340430340474444|-3.825299239050401|1.0
-2.41617338325854|-3.8144090973362967|1.0
-2.4145494899562454|-3.7887822292690427|1.0
-2.752953245856435|-3.7260818826153206|1.0
-2.4249986018060143|-3.87030064863742|1.0
-2.4643075302437665|-3.742787245019509|1.0
-2.3254508570549555|-3.8798917930509518|1.0
-2.4408861465803624|-3.8517148713468874|1.0
-2.419957780498686|-3.814066683237521|1.0
-2.3892646724759974|-3.8055158339379265|1.0
-2.49020939830703|-3.8583647386546693|1.0
-2.4274778427304446|-3.8466006748685073|1.0
-2.428889104964973|-3.8000155724641873|1.0
-2.4626400670517095|-3.8131214836737435|1.0
-2.4537774044764467|-3.8115602238079287|1.0
-2.4319743424074973|-3.863698177724457|1.0
-2.35732151809607|-3.8854268150713844|1.0
-2.46414837732143|-3.856477918931198|1.0
-2.448528877846308|-3.7850650953539713|1.0
-2.3798911756899686|-3.9030214185467167|1.0
-2.7433889334450003|-3.7315960554094074|1.0
-2.4175634931541055|-3.8052439868267434|1.0
-2.427998008585376|-3.8937180135322915|1.0
-2.389076610529031|-3.8146953284282907|1.0
-2.3493635362733376|-3.9118159082609365|1.0
-2.3992497727059137|-3.840578980986432|1.0
-2.3705347965663766|-3.861483936855468|1.0
-2.714207961287215|-3.6861844097149206|1.0
-2.408560254194937|-3.8411219447533114|1.0
-2.3729031910249545|-3.8727868694146164|1.0
-2.4681902868568133|-3.869680317716345|1.0
-2.4198384642734645|-3.8592385015084893|1.0
-2.7003621350780427|-3.6902803141264706|1.0
-2.3962428899284283|-3.8912902446576108|1.0
-2.375114422292647|-3.7987698170386826|1.0
-2.420846369153641|-3.877608694562753|1.0
-2.3855922772442795|-3.937984296214723|1.0
-2.433484469314029|-3.7961951884093854|1.0
-2.8026900566178607|-3.6302740810023244|1.0
-2.375379788908608|-3.881733282169558|1.0
-2.449845120728035|-3.8187331268872597|1.0
-2.383859207559008|-3.8645012557768252|1.0
-2.408143216034081|-3.8059886590797265|1.0
-2.736163271363099|-3.6941199519321226|1.0
-2.3370017572913904|-3.842106850261364|1.0
-2.4772511630412533|-3.810086632265846|1.0
-2.4734802307532666|-3.8112298819905033|1.0
-2.4308733327621725|-3.8205263412598924|1.0
-2.443464860015423|-3.7662215863134882|1.0
-2.41432428553966|-3.8448721500690026|1.0
-2.7203300171635645|-3.641368304590868|1.0
-2.507964735471915|-3.7380444034544937|1.0
-2.3760941288223036|-3.847110358562755|1.0
-2.4188653499611026|-3.8493228647443343|1.0
-2.4805586235817247|-3.8651989126917816|1.0
-2.352543603254052|-3.91515854562223|1.0
-2.4417431018538007|-3.862425385863295|1.0
-2.407972616123787|-3.818771874654963|1.0
-2.4014560651100285|-3.820881868214362|1.0
-2.4080344640277165|-3.857978087900547|1.0
-2.468384504793336|-3.791866327589812|1.0
-2.8056591445136094|-3.7311060554963364|1.0
-2.462064602026747|-3.7396779276387835|1.0
-2.375487485277046|-3.8257181314311124|1.0
-2.4075475912660966|-3.844977631998868|1.0
-2.4008122258325666|-3.852896449290771|1.0
-2.384326959299758|-3.844582241560004|1.0
-2.368430998714256|-3.8890349273886646|1.0
-2.395069378786415|-3.856699934497422|1.0
-2.418875692781606|-3.8826505814283774|1.0
-2.435640505296551|-3.7782652807888972|1.0
-2.387149436041639|-3.849265406477165|1.0
-2.3742009379158606|-3.793858742358917|1.0
-2.4576387509951134|-3.8568566473779913|1.0
-2.3916456007318048|-3.882398989829872|1.0
-2.4259576481897493|-3.910604616979636|1.0
-2.4375120585737977|-3.8618862367800495|1.0
-2.401788304480011|-3.9275307116730738|1.0
-2.753005802785858|-3.666563578650225|1.0
-2.444981051539752|-3.8754027550699854|1.0
-2.443363428964827|-3.907953740016377|1.0
-2.7792953566882006|-3.7444748531986862|1.0
-2.369514244886368|-3.7936201027788297|1.0
-2.4171945994698256|-3.802390558507887|1.0
-2.4117699123545746|-3.8043696465532495|1.0
-2.447472036259366|-3.7333752892568364|1.0
-2.514206013172828|-3.8661402062266443|1.0
-2.470093439979419|-3.861334220426679|1.0
-2.5371539699021266|-3.842793212633799|1.0
-2.4737676284983894|-3.816086382850803|1.0
-2.8386096427791254|-3.6344762326315663|1.0
-2.388200890138209|-3.857900248158121|1.0
-2.464043465985179|-3.8075649809595036|1.0
-2.568088452089032|-3.8250275366369944|1.0
-2.577495202771249|-3.863681803270815|1.0
-2.404696062275607|-3.879102697660977|1.0
-2.4856168964860976|-3.808116375920903|1.0
-2.4558916446731196|-3.7404964523917767|1.0
-2.7862831296418133|-3.7101925479506908|1.0
-2.8603192320147843|-3.7135386871091915|1.0
-2.444531410593263|-3.8319373534007957|1.0
-2.4904329554090423|-3.796505231883624|1.0
-2.4819909383345258|-3.833780148779766|1.0
-2.796892252902179|-3.682646757908519|1.0
-2.4064981241146355|-3.9029286488369546|1.0
-2.4970356577270816|-3.8909564410572948|1.0
-2.5464258588463737|-3.7651689883465465|1.0
-2.456108972184824|-3.828732804172811|1.0
-2.461557281866213|-3.840962710490578|1.0
-2.466650607585764|-3.733381415381354|1.0
-2.3837304428520367|-3.9431008121655444|1.0
-2.385481025834281|-3.914003820519972|1.0
-2.377883050394371|-3.8473642304007125|1.0
-2.4416085180991955|-3.833783135319823|1.0
-2.7402331326774223|-3.6447740829289623|1.0
-2.4306573140934975|-3.826927909750933|1.0
-2.471934484602441|-3.84527402941727|1.0
-2.54193698905475|-3.884378156455031|1.0
-2.45490520779472|-3.8258091036268964|1.0
-2.525924997981642|-3.7113819570009086|1.0
-2.538702881707864|-3.7200006400469854|1.0
-2.4682602333099317|-3.7892742026898474|1.0
-2.48269707196041|-3.8195541276651106|1.0
-2.515689445115116|-3.795761623720885|1.0
-2.4918882713697603|-3.7703372234474997|1.0
-2.4402257598191066|-3.843649776989763|1.0
-2.4536419786830237|-3.7739225334705986|1.0
-2.5374453262395886|-3.7725196992242314|1.0
-2.4665633785933307|-3.7661603773591756|1.0
-2.533629962940185|-3.7871341255347453|1.0
-2.4199141832096758|-3.7608532090022124|1.0
-2.515170131090411|-3.773326803915897|1.0
-2.7858723774698912|-3.681140225209609|1.0
-2.5439615645577667|-3.795588406012929|1.0
-2.894799571771389|-3.563213022684868|1.0
-2.8597541986592083|-3.6514767692111803|1.0
-2.3923180592155204|-3.873777184573371|1.0
-2.3647362757882164|-3.82351983195017|1.0
-2.3657371375443415|-3.9478830075949825|1.0
-2.4331616285744806|-3.8191509925138596|1.0
-2.316581632970667|-3.839603896840893|1.0
-2.380619351836013|-3.8148070529244|1.0
-2.436716518489391|-3.8710364696009107|1.0
-2.7627522866901524|-3.7022001519679946|1.0
-2.427745782085027|-3.8125924475324298|1.0
-2.4081172869794547|-3.929096984121538|1.0
-2.6972103786421604|-3.6759899654288084|1.0
-2.443587530051457|-3.8772862803715316|1.0
-2.408887576517122|-3.814572673768961|1.0
-2.417017953791297|-3.823295760676426|1.0
-2.4349879555057883|-3.8740866287419005|1.0
-6.415147745541666|-4.098213489489773|1.0
-2.3614276079666014|-3.898999418631159|1.0
-2.4608704661758383|-3.7693390548102492|1.0
-2.4095030506566935|-3.8645218324061754|1.0
-2.4835079035784924|-3.83409475116566|1.0
-2.3941363571942325|-3.7773564592333897|1.0
-2.4940194748588915|-3.8051765562783113|1.0
-2.376220279235416|-3.873702185289848|1.0
-2.423254845431526|-3.851306773736152|1.0
-2.425233168374447|-3.9079452134366397|1.0
-2.46986893921717|-3.8068880338707816|1.0
-2.7414055257566914|-3.6808549520027087|1.0
-2.4040328792979797|-3.8191778439979114|1.0
-2.407146752829514|-3.808741229590041|1.0
-2.4500388181319614|-3.8081544989011493|1.0
-2.6676130728366703|-3.7039506530143265|1.0
-2.4156731345284204|-3.7872876972915708|1.0
-2.396683654930386|-3.886436635824684|1.0
-2.3401079464557517|-3.9026751915886515|1.0
-2.3196087261068694|-3.8762643628589397|1.0
-2.4288183597568342|-3.8161856256477686|1.0
-2.4408778616890277|-3.837744863136701|1.0
-2.3999363707359183|-3.803032149572411|1.0
-2.4684853764028305|-3.8243881677730323|1.0
-2.335065006946016|-3.8405920451119946|1.0
-2.342270859517073|-3.925279962534215|1.0
-2.4449002714716865|-3.7618966342256335|1.0
-2.79118947708837|-3.7401126478434166|1.0
-2.4574152631019515|-3.9254154457356196|1.0
-2.3703257864650804|-3.8752277275746825|1.0
-2.4129629214161263|-3.885501081228754|1.0
-2.7036682749680474|-3.6787517875461067|1.0
-2.3270647603728905|-3.8554739025018567|1.0
-2.2967362653238417|-3.870957227143487|1.0
-2.4223873384337367|-3.8260082906287654|1.0
-2.3084922648937383|-3.910220086186082|1.0
-2.3686585012909616|-3.801263308060182|1.0
-2.650990758380347|-3.751645073566372|1.0
-2.3572701822562605|-3.8736818740895678|1.0
-2.4357770604767452|-3.874973370414854|1.0
-2.4043004418531257|-3.791602341190081|1.0
-2.4136245247266115|-3.846339732122182|1.0
-2.725450648640025|-3.738985213761015|1.0
-2.350808068649521|-3.8191819873203268|1.0
-2.3882244605059912|-3.837938945175596|1.0
-2.402078515126432|-3.8055523724984957|1.0
-2.3135301850630228|-3.8243087453900486|1.0
-2.40122930287405|-3.8200250445737702|1.0
-2.4372738362189286|-3.9316725279949085|1.0
-2.44340613060091|-3.787261592613776|1.0
-2.4381832610260186|-3.8713673502936765|1.0
-2.3942821287515335|-3.913540878524647|1.0
-2.368717535407468|-3.8395519731892476|1.0
-2.745525125926086|-3.635038380795827|1.0
-2.460298555314017|-3.81157911739391|1.0
-2.4284223752582688|-3.8413604824746863|1.0
-2.466437313466488|-3.8649359533764667|1.0
-2.4380771447430605|-3.775713158310253|1.0
-2.4569837808828634|-3.7893249482422133|1.0
-2.3992028743804634|-3.905934916795274|1.0
-2.418354783002492|-3.851851439199862|1.0
-2.427840606584916|-3.8326835631119502|1.0
-2.429924999070074|-3.8388356815814366|1.0
-2.3605769160079886|-3.8460079071117765|1.0
-2.4482983112929295|-3.8013569366519033|1.0
-2.72433690286961|-3.7285974679117353|1.0
-2.4136467669521826|-3.8534266144054388|1.0
-2.4088498741402042|-3.8684364703357086|1.0
-2.4098550023738734|-3.880871105585507|1.0
-2.3782990723115907|-3.8295474195533172|1.0
-2.407742711941683|-3.9242005668606077|1.0
-2.40001659195472|-3.872380399352623|1.0
-2.3559877572101575|-3.810366779458117|1.0
-2.400383729757427|-3.884501285337175|1.0
-2.335387690770788|-3.894636790879889|1.0
-2.3026439398697036|-3.931191664986038|1.0
-2.4048956801632975|-3.876381037095377|1.0
-2.3494993063106397|-3.8215270299638013|1.0
-2.4601247233599186|-3.8381206304959528|1.0
-2.4242534297479215|-3.9017822760856844|1.0
-2.4025312747028194|-3.8478001213621407|1.0
-2.284101115647042|-3.906118344361926|1.0
-2.8066444634413426|-3.6999440102905146|1.0
-2.496587085062985|-3.8020108868570563|1.0
-2.4678451652110396|-3.968542686567916|1.0
-2.424876120324358|-3.864673615615945|1.0
-2.45627545588721|-3.820396698343575|1.0
-2.4231516531933144|-3.832711853764005|1.0
-2.3942861149332653|-3.8854482302424165|1.0
-2.409090768922879|-3.8676021049913913|1.0
-2.4011537568087493|-3.8589342502480095|1.0
-2.3493643210406945|-3.855340602952077|1.0
-2.406336236432452|-3.8558398238796423|1.0
-2.439459031574331|-3.9224246211541383|1.0
-2.411485167197563|-3.8950118618809593|1.0
-2.431751688403417|-3.891406220159719|1.0
-2.4165750381747477|-3.8588872644975742|1.0
-2.425107542869652|-3.8400315144129693|1.0
-2.385936674176562|-3.7952500950226016|1.0
-2.4524786386537016|-3.9297073019762783|1.0
-2.4760015536591|-3.8308529177953266|1.0
-2.4285778328214116|-3.883170463045615|1.0
-2.4105730974884803|-3.862566904785772|1.0
-2.4422909921107263|-3.812374147296282|1.0
-2.461763491750367|-3.7760187431778807|1.0
-2.356189476599097|-3.924052698970295|1.0
-2.3742897900449655|-3.7700351667844583|1.0
-2.466801822937462|-3.8050336279730486|1.0
-2.415917400070616|-3.853006990432608|1.0
-2.5412649045392035|-3.7731953934491154|1.0
-2.4741139651066053|-3.838086329560345|1.0
-2.4383649805279917|-3.831527947022517|1.0
-2.4099077782268967|-3.8019475896113755|1.0
-2.46783679630679|-3.826656222836151|1.0
-2.3978840950989286|-3.9068832285545145|1.0
-2.471298835059195|-3.872599349556266|1.0
-2.4347179059323567|-3.811939845995738|1.0
-2.3579060984867186|-3.8035394495053905|1.0
-2.782378939767112|-3.6116582329309597|1.0
-2.7149748325420684|-3.706853363873439|1.0
-2.438142106984822|-3.8095302279498746|1.0
-2.4184917099779017|-3.8835080445345587|1.0
-2.4555034970557523|-3.8076926649924454|1.0
-2.4203974060721998|-3.7813716393197923|1.0
-6.390534850538395|-4.0353517097901594|1.0
-2.326770280321594|-3.8141118962496283|1.0
-2.37225226167302|-3.7735158257661507|1.0
-2.3950323623092316|-3.8691662956186286|1.0
-2.4263064470367834|-3.8424758524662495|1.0
-2.4134565448631817|-3.881479027601497|1.0
-2.4623485405455745|-3.7384801062599875|1.0
-2.3744883922089794|-3.873182009967636|1.0
-2.3944375692084794|-3.888712883644142|1.0
-2.450481196701797|-3.8339723842878968|1.0
-2.426580243948476|-3.832622642975456|1.0
-2.3539527314824036|-3.8620765186770396|1.0
-2.351802064164872|-3.8619827507416433|1.0
-2.678957003408595|-3.652131032068375|1.0
-2.4133751304143325|-3.9102698226106045|1.0
-2.320564901419768|-3.9537017516507778|1.0
-2.3861682266038406|-3.7576424613319412|1.0
-2.3537438896371348|-3.8609332644898378|1.0
-2.3942494002580217|-3.8022896733961233|1.0
-2.2943837616116793|-3.965358421030031|1.0
-2.35426338325706|-3.9547077720029447|1.0
-2.3561231268056377|-3.9890048157577267|1.0
-2.2873053436220445|-3.982485091187334|1.0
-2.3184867347736926|-3.8971703362318064|1.0
-2.381008649156469|-3.892054888336999|1.0
-2.2720434172448853|-3.97927500418807|1.0
-2.3920400492210154|-3.9491865229131173|1.0
-2.325117410469049|-3.951553182196887|1.0
-2.2581552566129326|-4.011600558397775|1.0
-2.3582008779745083|-3.9390472121066518|1.0
-2.350709920653635|-3.884975708422524|1.0
-2.287703086616006|-3.9320566653306757|1.0
-2.2803501113619102|-3.9829326094368787|1.0
-2.4043611901374247|-3.8219719586300323|1.0
-2.356915927232183|-3.8901407185643273|1.0
-2.320400136964169|-3.8885839349389077|1.0
-2.4348957281109054|-3.885023251971561|1.0
-2.414200143522265|-3.8496158312499267|1.0
-2.7376007715952375|-3.6788684897749104|1.0
-2.4043399323027903|-3.904363304418148|1.0
-2.395509374728781|-3.8007985836146547|1.0
-2.4685327850960253|-3.8362832692524718|1.0
-2.386833426642404|-3.9389565940703717|1.0
-2.4524697107297175|-3.816210766639688|1.0
-2.4266770163400566|-3.9289215038064356|1.0
-2.4841128281933464|-3.763192449920952|1.0
-2.4197551283598404|-3.76489126652108|1.0
-2.429356811584812|-3.8931974957144884|1.0
-2.4407167697076027|-3.787800602519564|1.0
-2.33429078191027|-3.8420835423809474|1.0
-2.4042096799586683|-3.9325872778601556|1.0
-2.4251527480590624|-3.849552745302535|1.0
-2.4558033157857806|-3.875475211029267|1.0
-2.702086017401505|-3.639856986431298|1.0
-2.4166088493028104|-3.876680359679827|1.0
-2.3952120687209244|-3.8716553633671547|1.0
-2.4130078484071382|-3.9208897658855992|1.0
-2.4213834980137436|-3.7846437900711614|1.0
-2.3434173210478195|-3.7960947316210305|1.0
-6.5279020548360425|-3.9656846874762626|1.0
-6.469148546269544|-4.060017706490526|1.0
-6.430665823293086|-4.034113066716102|1.0
-6.4520840758839215|-4.065362008625876|1.0
-6.506980632851438|-4.074507532435783|1.0
-6.303633759470559|-3.9863573274614654|1.0
-6.447929570147423|-4.044086129736415|1.0
-6.347607496804581|-4.016724809359263|1.0
-6.528879845494314|-4.040422188913459|1.0
-6.562322939290362|-4.0145129943528985|1.0
-6.500873978182823|-4.075679274866699|1.0
-6.423000390252347|-4.076368501661412|1.0
-6.4134923043902035|-4.021584668628594|1.0
-6.578281638071347|-4.035764439877057|1.0
-6.353872072508112|-4.043029639971081|1.0
-6.368570239537236|-4.064173294765956|1.0
-6.371454193067575|-4.050011591202778|1.0
-6.40568887569059|-4.010885753365137|1.0
-6.437999351039109|-4.043968553130453|1.0
-6.325936748403928|-4.024465347156589|1.0
-6.499624839793964|-4.056720276944381|1.0
-6.399422769266744|-4.077380032299835|1.0
-6.469117373901553|-4.0877686199131995|1.0
-6.414210784795511|-4.043875900698246|1.0
-6.396392314756178|-4.0372922966091345|1.0
-6.34466275178519|-4.041831125009993|1.0
-6.446336815459209|-4.0509186206576455|1.0
-6.840839041904272|-3.708413293981528|1.0
-6.26046156701782|-4.043764672085517|1.0
-6.417748972601885|-4.0143116248201425|1.0
-6.449242624411143|-4.03277959807268|1.0
-6.415574252869838|-4.044568112536974|1.0
-6.427944610926223|-4.043547804970623|1.0
-6.414186632621909|-4.114389947372538|1.0
-6.449746931728391|-4.0708600664197|1.0
-6.379666892681569|-4.032103249666845|1.0
-6.5031971167276765|-4.011968577939945|1.0
-6.441332359221932|-4.065620566322521|1.0
-6.429236173887729|-4.034345174173733|1.0
-6.434575038208574|-3.973969173756269|1.0
-6.400260970631107|-4.048168509641084|1.0
-6.4364430919534446|-4.028070136782642|1.0
-6.408046807304929|-3.992012383635527|1.0
-6.4628854354399|-4.012485052930373|1.0
-6.481392562840987|-4.019580930743038|1.0
-6.400884062565073|-4.004118994888701|1.0
-6.366478644150521|-4.0094702957003125|1.0
-6.460664493530674|-4.082993712262667|1.0
-6.407715801714956|-4.022258003604069|1.0
-6.408391166264835|-4.007121001791507|1.0
-6.4754635039931845|-4.059240813826605|1.0
-6.425284281348226|-4.067192646264699|1.0
-6.394391285353562|-3.9991675332767964|1.0
-6.426957258150039|-4.082379319997323|1.0
-6.320601692883404|-4.045099809338291|1.0
-6.484463969325855|-4.01430414500117|1.0
-6.433519343211067|-4.053877645298614|1.0
-6.452431012278202|-4.074022130361973|1.0
-6.37906414038263|-4.097550304709449|1.0
-6.343689992262633|-4.010809309535181|1.0
-6.437345428092659|-4.004038274468422|1.0
-6.433582157656665|-4.105759344127018|1.0
-6.336362447370548|-4.0568932826037845|1.0
-6.475605449042845|-4.047147155724546|1.0
-6.3514324209769955|-4.030213066001058|1.0
-6.404701549560189|-4.09514748847229|1.0
-6.354368497857775|-4.0080176118722735|1.0
-6.387594276315283|-4.038286651049895|1.0
-6.391529366599169|-4.07163790562509|1.0
-6.441256281536624|-4.060146327050273|1.0
-6.414648010190481|-3.9816083184459754|1.0
-6.409986106464159|-4.057173136233089|1.0
-6.3858345509127075|-3.994601705261562|1.0
-6.329827810637562|-3.999948392848222|1.0
-6.446711555880062|-4.025066122546823|1.0
-6.471089781814312|-4.026388104059848|1.0
-6.402265164008644|-4.025589253933695|1.0
-6.974297900356051|-3.613649827742283|1.0
-6.490703667393967|-4.046748687791523|1.0
-6.382557878148642|-4.042624608886709|1.0
-6.431771537443919|-4.033614625340008|1.0
-6.430200501670373|-4.05691462879059|1.0
-6.434494939479837|-4.075487680860025|1.0
-6.607921550777747|-4.063085502382237|1.0
-6.352341972870486|-4.007449382683081|1.0
-6.441087572209197|-4.006078384344761|1.0
-6.367927581100768|-4.076266144759057|1.0
-6.424820759408933|-4.001902218972823|1.0
-6.417602673927485|-4.049899099365304|1.0
-6.38762912569303|-4.042177872264268|1.0
-6.423405333634473|-4.071067183803236|1.0
-6.326448763586116|-4.000251435276186|1.0
-6.3156860758387|-4.0539819822445375|1.0
-6.405632595973296|-4.013479594810694|1.0
-6.43001828832069|-3.993176670021099|1.0
-6.352430741892145|-3.9952319665780327|1.0
-6.37056331768529|-4.041481101356185|1.0
-6.463865649280517|-3.964769897655545|1.0
-6.352915658017467|-3.975239721360047|1.0
-6.391467297563264|-4.018763033304971|1.0
-6.368812753262911|-4.033573210327136|1.0
-6.450403195568528|-4.034150933576984|1.0
-6.301487760374098|-4.009302781993223|1.0
-6.392942333042825|-4.009847685326391|1.0
-6.424011561386407|-4.052202789986878|1.0
-6.4372666728260235|-4.035012349401904|1.0
-6.584834039398143|-4.085995088195361|1.0
-6.47914116110252|-3.9939261656501883|1.0
-6.3443431191097535|-4.024409111647512|1.0
-6.456971044481444|-4.066937045003189|1.0
-6.434282305509966|-4.048240669936878|1.0
-6.424450947803673|-4.053837177289476|1.0
-6.326000003323027|-4.032167036755941|1.0
-6.418700444918669|-4.032761607612754|1.0
-6.430439525561896|-4.002183855912834|1.0
-6.487075452947422|-3.955043582337081|1.0
-6.394252298365058|-3.9478495124860697|1.0
-6.570487779525446|-3.9228934321531885|1.0
-6.46778166260752|-4.011828835285307|1.0
-6.406672951916149|-4.0090189259175135|1.0
-6.434087595065379|-4.035195528704551|1.0
-6.486783249316139|-4.004899961385582|1.0
-6.444752538921501|-4.022698948560034|1.0
-6.374764350702338|-3.986798656613516|1.0
-6.394591461219158|-3.9760637037204347|1.0
-6.424131560651407|-3.986757600052952|1.0
-6.365505284416146|-3.991219939707582|1.0
-6.441292643114506|-3.949092593163062|1.0
-6.354998574300178|-4.033917024591021|1.0
-6.468231602398562|-3.996554451900503|1.0
-6.428270319666386|-4.050765167801136|1.0
-6.4166871786074|-4.013172904781604|1.0
-6.396000703491532|-4.043623052021861|1.0
-6.310729955767487|-3.999095366412042|1.0
-6.413150165859408|-3.9979344570233515|1.0
-6.413532124500365|-3.9667705398953057|1.0
-6.331182743006559|-3.9542608160275403|1.0
-6.370519037366841|-3.926584713034753|1.0
-6.444911704442484|-4.018517876465953|1.0
-6.390231516679183|-3.98045795332381|1.0
-6.33920849332961|-3.8985105158190305|1.0
-6.402103113735373|-3.987222900227209|1.0
-6.399393260438259|-3.9936966029006897|1.0
-6.412877815452443|-3.9794801695221285|1.0
-6.35427433480666|-4.010807234516935|1.0
-6.311347809445928|-4.0171777882056|1.0
-6.375692482564358|-3.982340632899517|1.0
-6.421059551309934|-3.9563447763515662|1.0
-6.377255254280321|-4.023959901050497|1.0
-6.2345068698508035|-3.958174072058407|1.0
-6.2674637640227076|-4.028580117580117|1.0
-6.3320533872242875|-4.0858664808670015|1.0
-6.397241012558814|-4.019179606502783|1.0
-6.2465008454388435|-4.003448286244152|1.0
-6.343612470770182|-3.9987815062094327|1.0
-6.315266199076775|-4.0379393715957|1.0
-6.369912516736783|-3.95124975779561|1.0
-6.866980965083522|-3.7162468055472178|1.0
-6.296512842002711|-4.027306448351278|1.0
-6.452728498308196|-4.039908137985459|1.0
-6.355166872981628|-3.972809397488853|1.0
-6.443153732826713|-4.034898007693481|1.0
-6.384097841858914|-4.01609628489752|1.0
-6.385825783748146|-4.002622421994887|1.0
-6.413594792450716|-4.026670660625665|1.0
-6.352809211112863|-4.060728041759442|1.0
-6.384765823076836|-4.075368581247872|1.0
-6.367459432806003|-4.01586251043322|1.0
-6.332759863947968|-4.0264267638714735|1.0
-6.312869595662338|-4.043381949928924|1.0
-6.348274651335549|-4.040986426208447|1.0
-6.371179354358527|-4.0680825768670585|1.0
-6.407109197048943|-4.057185529199293|1.0
-6.45938042193629|-3.9905629065009456|1.0
-6.418069972891267|-4.044721026625719|1.0
-6.366112866834275|-4.065831238681488|1.0
-6.273833644836239|-4.039429117592198|1.0
-6.55027253293113|-4.036246247327895|1.0
-6.356417602939282|-4.016972799918193|1.0
-6.40542312261382|-4.086050965976303|1.0
-6.307588236988887|-4.028944339426855|1.0
-6.390685627845291|-4.012750011600216|1.0
-6.3561684257341495|-4.022188536833835|1.0
-6.413984423553918|-3.9769924433259756|1.0
-6.34987378641068|-4.045914021065153|1.0
-6.411154113030607|-4.07709041141007|1.0
-6.459112381769525|-3.970038483965991|1.0
-6.421119943552868|-4.037536488207259|1.0
-6.354022993785498|-4.0395865803805835|1.0
-6.415959531825608|-4.051641499400456|1.0
-6.387729394141267|-4.047392979495803|1.0
-6.400506467991255|-4.030912567735041|1.0
-6.388401500715448|-4.033903346505239|1.0
-6.407129482627225|-4.004052353148262|1.0
-6.433599152504729|-4.00943713318282|1.0
-6.372664509526728|-3.9996446813682347|1.0
-6.38158607145457|-4.034813583055047|1.0
-6.3905170484518425|-4.058542808791471|1.0
-6.41018719921563|-4.026519296612874|1.0
-6.413250327625511|-4.04641816503592|1.0
-6.420125717088861|-4.040987829173787|1.0
-6.377420003019215|-4.034655494553563|1.0
-6.408966721434205|-4.03248545144008|1.0
-6.37748014587757|-3.9824519875925035|1.0
-6.39759743365157|-4.03896852718188|1.0
-6.383892406015516|-4.013077725182383|1.0
-6.311098245859531|-4.008972714356913|1.0
-6.315816455792957|-4.01035003818257|1.0
-6.418270652160526|-4.041061396830696|1.0
-6.4094268284506875|-4.059220376237321|1.0
-6.374268205060207|-4.070583246259963|1.0
-6.441187256878189|-4.03211357485569|1.0
-6.331684166436018|-4.039549284352027|1.0
-6.396634293220125|-4.014076737413882|1.0
-6.3620559868836795|-4.049666679335466|1.0
-6.342990746081043|-4.001423989681117|1.0
-6.41690900137671|-4.062746387614605|1.0
-6.402450638511614|-4.018086259231584|1.0
-6.404291860765678|-4.046159114313953|1.0
-6.377442903558479|-4.051352733464673|1.0
-6.428044601916617|-4.017348952749535|1.0
-6.31119367306462|-4.03749421748976|1.0
-6.35793806228264|-4.058869731250998|1.0
-6.46454955502971|-4.056579939039082|1.0
-6.346036698414383|-4.087172258527496|1.0
-6.417414995298268|-4.110127297035599|1.0
-6.348769537629426|-4.08681211058023|1.0
-6.3752737790518275|-4.027992991610959|1.0
-6.397079034160232|-4.105502808574873|1.0
-6.408506003890643|-4.022943013905321|1.0
-6.381460448084679|-4.031360472278058|1.0
-6.408574563386094|-4.056663060989399|1.0
-6.41903728057165|-4.039410746962963|1.0
-6.437970221632807|-4.061604032815453|1.0
-6.3115890920725795|-4.030743690397733|1.0
-6.2845284050969035|-4.024245903722936|1.0
-6.3487592190471025|-4.057652882869264|1.0
-6.4635792301174355|-4.035214142148894|1.0
-6.3901746467382665|-4.085243091882794|1.0
-6.341132760039242|-4.142215214625794|1.0
-6.38323674735657|-4.06588063404047|1.0
-6.397015094119345|-4.057208736495649|1.0
-6.350739136210186|-4.044573496100896|1.0
-6.370195454104938|-4.052726647719282|1.0
-6.414667078725963|-4.0732781532202775|1.0
-6.374700016236694|-4.057761951137949|1.0
-6.361489166890898|-4.056481271795224|1.0
-6.441165963024835|-4.105807217775229|1.0
-6.354906720765948|-4.069746151852944|1.0
-6.44393724714338|-4.042170264697427|1.0
-6.549053324105122|-4.039194609759756|1.0
-6.446387746774701|-4.046522386567486|1.0
-6.445814772547109|-4.081802266535113|1.0
-6.424533107495419|-4.120459488843915|1.0
-6.430372834393805|-4.1137235026007755|1.0
-6.565213240502886|-4.120077159162774|1.0
-6.802998642107068|-3.674859705734114|1.0
-6.326338404417412|-4.019103684202895|1.0
-6.376415414446157|-4.103380548334324|1.0
-6.355903626985791|-4.0906079968944296|1.0
-6.337586574671611|-4.086632372579126|1.0
-6.373009936526476|-4.112484238214757|1.0
-6.40737515203002|-4.082989639708403|1.0
-6.414755970094506|-4.116503637871515|1.0
-6.352448062461885|-4.092044987761057|1.0
-6.364042812904303|-4.126852218943601|1.0
-6.359363921808362|-4.106892473143084|1.0
-6.42886657704355|-4.066814780687492|1.0
-6.406808870931219|-4.095997941589656|1.0
-6.465559338374429|-4.067043245604824|1.0
-6.330249208886679|-4.097427081906343|1.0
-6.422358472756503|-4.0515669325041|1.0
-6.34761960323681|-4.074837833627371|1.0
-6.404821271984565|-4.079496577092758|1.0
-6.392250909680364|-4.057815355617857|1.0
-6.423824186291544|-4.034028937730725|1.0
-6.400465544898382|-4.07540473339674|1.0
-6.403523587998768|-4.0659219547086725|1.0
-6.384650275075367|-4.09250311194117|1.0
-6.487255461738691|-4.065086116725594|1.0
-6.297161978293561|-4.0659998037871725|1.0
-6.398613226176554|-4.048258221605233|1.0
-6.409746448666099|-4.085325870355679|1.0
-6.37663189287366|-4.068669193506181|1.0
-6.565110948659666|-4.0436611080870755|1.0
-6.380245856380185|-4.024065326773375|1.0
-6.462813207592043|-4.061596732727232|1.0
-6.347509794292478|-4.059323907813698|1.0
-6.587412281658229|-4.047958221996551|1.0
-6.343970960453716|-4.029034845901192|1.0
-6.392221679516415|-4.053152609042067|1.0
-6.478201442859869|-4.09074379179766|1.0
-6.342691504022601|-4.022650460824646|1.0
-6.457661990183812|-4.060799920433207|1.0
-6.386095039642234|-4.027064340392946|1.0
-6.361967603850482|-4.0412678964105355|1.0
-6.361215121313175|-4.028234923894733|1.0
-6.512615690681171|-4.08200773224509|1.0
-6.346154710815116|-4.080899716437039|1.0
-6.403762350425002|-4.039355777845107|1.0
-6.4914544737542785|-4.06239200125643|1.0
-6.424409613304648|-4.016449207033737|1.0
-6.44581102020569|-4.057027860334283|1.0
-6.446121524467997|-4.041812623197971|1.0
-6.36723022237|-4.046472215020214|1.0
-6.399407764745058|-3.9714625082400388|1.0
-6.459984888574071|-4.067680311880781|1.0
-6.512894072557393|-4.065006026916626|1.0
-6.365689396589521|-4.047015733970551|1.0
-6.416930956958726|-4.045291027712527|1.0
-6.338285356632519|-4.035753355691657|1.0
-6.42184647863524|-4.049238166421245|1.0
-6.391653285702212|-4.047444244642681|1.0
-6.415711960500944|-4.043629998600451|1.0
-6.464901541343669|-4.014977516210676|1.0
-6.424196560684667|-4.059781170714676|1.0
-6.369206421162262|-4.062326328753669|1.0
-6.413998648408109|-4.088207477767121|1.0
-6.35832397128478|-3.984712453021338|1.0
-6.3980130825098565|-4.063985696760392|1.0
-6.368181030522964|-4.05791982273564|1.0
-6.41185702818386|-3.955529372972549|1.0
-6.395863150480785|-4.0671750424258075|1.0
-6.464838130169055|-4.027850145638406|1.0
-6.427825755371438|-4.057744721051553|1.0
-6.512942684268307|-3.9997851305343426|1.0
-6.467234745894475|-4.044020184814803|1.0
-6.452269707766057|-4.043430845726604|1.0
-6.405913827106523|-4.0253929681388385|1.0
-6.416128418494853|-4.012126246029979|1.0
-6.4600578113631135|-4.073421383197243|1.0
-6.434648602168905|-4.05465030202021|1.0
-6.416254226063976|-4.098530086319329|1.0
-6.358474296914595|-4.0743684181081035|1.0
-6.485801501835267|-4.04845938218903|1.0
-6.307090161442833|-4.053424303363335|1.0
-6.4480468185564686|-4.0752408217437495|1.0
-6.46100107619906|-4.04397536238926|1.0
-6.459693944678002|-4.050671348906445|1.0
-6.414425156845945|-4.017548778826956|1.0
-6.40687985043518|-4.028116080556152|1.0
-6.420962473242639|-4.055134067872928|1.0
-6.503689879084022|-4.02408296007482|1.0
-6.478253501107331|-4.043625250931476|1.0
-6.509402790947147|-4.039089841041758|1.0
-6.400031120315583|-4.035060807622219|1.0
-6.424244157802576|-4.065146281023395|1.0
-6.500394172903444|-4.041282008240276|1.0
-6.450931781771888|-3.9958182394675306|1.0
-6.418138578621884|-4.060715812767035|1.0
-6.42144296186068|-4.0476370977783045|1.0
-6.361796172343018|-4.037273330352987|1.0
-6.337379183572443|-4.0275490800381855|1.0
-6.41344007909256|-4.0357532602551975|1.0
-6.45182217829578|-4.020820904825185|1.0
-6.400049281645517|-4.0213977941551855|1.0
-6.4131944663216|-4.038062155532629|1.0
-6.496389172388692|-4.042424497300181|1.0
-6.436434645580775|-4.03863571096541|1.0
-6.367112900647204|-4.060919068265206|1.0
-6.452710666094267|-4.005434917282825|1.0
-6.471983917433985|-4.082316217429571|1.0
-6.439413297899898|-4.003253771528758|1.0
-6.578452539860946|-4.0252147916575485|1.0
-6.447987384285107|-3.9626525182806516|1.0
-6.43669367516902|-4.031163046796005|1.0
-6.459518387848769|-4.006768715317329|1.0
-6.466216660611944|-4.06326282216925|1.0
-6.414365320753494|-4.003339622571313|1.0
-6.430831413153062|-3.988314670187978|1.0
-6.428872521439715|-4.001696369492385|1.0
-6.426027643320566|-4.0062561820322795|1.0
-6.3953099801735975|-3.9920715275093914|1.0
-6.4437145164048655|-4.004745097028368|1.0
-6.4834643276421335|-4.082517896237023|1.0
-6.502217259474281|-4.098231137703595|1.0
-6.479945180701716|-4.024197154233467|1.0
-6.496527600810692|-4.030642168334148|1.0
-6.413902953440658|-4.088182988451257|1.0
-6.489787436104261|-4.074248822453529|1.0
-6.489090328601938|-4.124957309207175|1.0
-6.52366369163706|-4.040907404038547|1.0
-6.686699292075755|-4.134958970923981|1.0
-6.5360278111484265|-4.1084620821013695|1.0
-6.556671556668982|-4.065673785570464|1.0
-6.439964573410782|-4.064103800006265|1.0
-6.344789901601844|-4.070334570717219|1.0
-6.544485440015685|-4.050332562206665|1.0
-6.425466015550053|-4.1121497290200555|1.0
-6.471580992771277|-4.078118398822406|1.0
-6.403634420835404|-4.051188704727167|1.0
-6.455612588722686|-4.05873280097563|1.0
-6.536098084230272|-4.053185193458048|1.0
-6.520818242710552|-4.1623378378431015|1.0
-6.388136457799258|-4.103930761839165|1.0
-2.3863532373851797|-3.909773771528701|1.0
-2.4219921953241252|-3.9181857160046105|1.0
-2.422685538235476|-3.864881835569693|1.0
-2.2937038258938154|-3.9066708138571995|1.0
-2.3558918250881185|-3.867633964423311|1.0
-3.8254182821432217|-0.21491190035300173|1.0
-3.7782411965656073|-0.7725409245583755|1.0
-3.7729708773864368|-0.12209477994599965|1.0
-6.442470667616688|-4.0927025317656165|1.0
-3.817213715184429|-0.17054956784181943|1.0
-3.7654807078633894|-0.20038487115131823|1.0
-3.787302815432503|-0.17206846935756415|1.0
-3.798015517543835|-0.15521218733350145|1.0
-6.401620890026928|-4.141780039834576|1.0
-6.489195089043268|-4.14158899444285|1.0
-6.423721292176939|-4.132627918274171|1.0
-6.417427243756948|-4.0531259163311075|1.0
-6.437859166635031|-4.1305952929518694|1.0
-6.567328676448439|-4.122794895959041|1.0
-6.418746123491376|-4.092568484793979|1.0
-6.486529206508707|-4.098397165953088|1.0
-6.406648559946126|-4.102845495802431|1.0
-6.577301051256243|-4.0676233404484545|1.0
-6.445429180705259|-4.1023187699732375|1.0
-6.403095800703671|-4.051468919070319|1.0
-6.437896293538523|-4.0710164951747885|1.0
-6.357387208314605|-4.033506286190417|1.0
-6.368560640920716|-3.984438019900989|1.0
-6.4815733193275165|-4.031766002659214|1.0
-6.313083998773621|-4.031974720246542|1.0
-6.48038755371312|-4.014683513058946|1.0
-6.443817589138829|-4.025250838786295|1.0
-6.422787207037811|-4.055354810953939|1.0
-6.450506730571141|-4.062641643266777|1.0
-6.358956635904416|-4.09826820568266|1.0
-6.327383197533639|-4.042643552584733|1.0
-6.417627585658046|-4.044874632169474|1.0
-6.3953224260369375|-4.07977870069365|1.0
-6.374722539328845|-4.045935690215411|1.0
-6.448525545317211|-4.045573909757261|1.0
-6.455681550691008|-4.000793522076453|1.0
-6.469934511622483|-4.021031586110347|1.0
-6.560257028270735|-4.092935385909642|1.0
-6.449148601745624|-4.030928037151398|1.0
-6.369441397701073|-3.979741736712881|1.0
-6.419784504349344|-4.0300361495679615|1.0
-6.4519933563172165|-4.09015713573809|1.0
-6.380515250391822|-4.038521797196894|1.0
-6.435321347639806|-4.036467366318732|1.0
-6.479837306446605|-4.108218546876235|1.0
-6.411918015313105|-4.083092654798191|1.0
-6.434121334085022|-4.029929874622983|1.0
-6.422095571894215|-4.0909104712193365|1.0
-6.492668713700784|-4.010911163111712|1.0
-6.4850149560001435|-4.012512138211789|1.0
-6.370877714540248|-3.997704740950327|1.0
-6.405251874198894|-4.086409453160353|1.0
-6.405492925453588|-4.027452067081223|1.0
-6.450363050887852|-4.010298080328341|1.0
-6.480049153427703|-4.061622783795621|1.0
-6.4065359979492555|-4.057502987377801|1.0
-6.472820954846857|-4.057721017702659|1.0
-6.493067595870728|-4.022386940552981|1.0
-6.435573753628308|-3.999935980667066|1.0
-6.426711603744869|-4.078490745610657|1.0
-6.397203126354241|-4.059185762486082|1.0
-6.444502458883359|-4.062332115529654|1.0
-6.911180430770124|-3.6683903487413834|1.0
-6.397581241317307|-4.045778349744617|1.0
-6.430995577364801|-4.052248063101588|1.0
-6.456525793915179|-4.073429990301645|1.0
-6.423094658437024|-4.058414628560368|1.0
-6.485185502410702|-4.053933034189356|1.0
-6.497002743116825|-3.9979850357277162|1.0
-6.44055911939634|-4.072698378539964|1.0
-6.392334484905288|-4.0803551263064675|1.0
-6.4387297939911505|-4.034922030006861|1.0
-6.396810789273924|-4.058584585021133|1.0
-6.506135904183863|-4.101705270070973|1.0
-6.522789195440848|-4.017243395659196|1.0
-6.463549335808687|-4.081605310516808|1.0
-6.496687878384637|-4.070841250206329|1.0
-6.391978615410896|-4.092426989033306|1.0
-6.531987302863466|-4.054663311766666|1.0
-6.483534592360844|-4.063815035416662|1.0
-6.383862107128361|-4.031396955197112|1.0
-6.415972649147984|-4.014395272357387|1.0
-6.454908263633483|-4.061040915449181|1.0
-6.303409346534657|-4.099457132094263|1.0
-6.477246282602026|-4.055244045513055|1.0
-6.41602180465011|-4.044687685277967|1.0
-6.4881779368758705|-4.055586064499956|1.0
-6.500612777346719|-4.049901820441796|1.0
-6.443587447065221|-4.0924696128136215|1.0
-2.376830670558708|-3.9315507763783306|1.0
-6.407101962876738|-4.092019713534705|1.0
-6.379100968948838|-4.10148308741421|1.0
-6.39964712402324|-4.062515917062639|1.0
-6.4233420528394145|-4.104747625596797|1.0
-6.45088505909808|-4.074514691977289|1.0
-6.437540466115764|-4.096227978495562|1.0
-6.357573506138216|-4.081842988361433|1.0
-6.451358047211262|-4.08535238206338|1.0
-6.447238056716728|-4.048679406348379|1.0
-6.365763367929526|-4.039274928672686|1.0
-6.445789783806243|-4.05909278805146|1.0
-6.368762161305252|-4.061418960731936|1.0
-6.519964982618583|-4.060084970069991|1.0
-6.379462055647038|-4.125084672843605|1.0
-6.378143252973584|-4.042442923569436|1.0
-6.382056962084248|-4.118840841623651|1.0
-6.445857056410682|-4.093156420093458|1.0
-6.313935711962915|-4.067631050789076|1.0
-6.2919800991137675|-4.104835907012992|1.0
-6.330127700832449|-4.0303746261006195|1.0
-6.345571184364936|-4.035794587167744|1.0
-6.329713837983073|-4.09902487723894|1.0
-6.334849443893422|-4.087449460089163|1.0
-6.31829276835661|-4.0528325391936155|1.0
-6.406346948759772|-4.125926633026005|1.0
-6.271899437695937|-4.04432970077347|1.0
-6.359126694681668|-4.0706380019239745|1.0
-6.374226391191895|-4.059363763447025|1.0
-6.372538849859714|-4.051759333784135|1.0
-6.316211165862624|-4.091619630477991|1.0
-6.336866594781487|-4.066657330740118|1.0
-6.3259159820153|-4.067294442097636|1.0
-6.395770835402265|-4.1189568038417885|1.0
-6.393157381605433|-4.031557663718635|1.0
-6.333308735542442|-4.105097011815236|1.0
-6.338564368960536|-4.085081899654475|1.0
-6.427512819475085|-4.033167040805264|1.0
-6.412201467107315|-4.030790746173198|1.0
-6.316285817838726|-3.9897088246514114|1.0
-6.324308116007213|-4.015735347524268|1.0
-6.373229641444911|-4.025537548377838|1.0
-6.284949058333021|-4.044191858506572|1.0
-6.391438000010293|-4.05804168470504|1.0
-6.391597373786543|-4.065040730397898|1.0
-6.337715377077815|-4.066210220295602|1.0
-6.371978680349667|-4.074722694547514|1.0
-6.303138429485589|-4.082823453767533|1.0
-6.330546118099542|-4.007329250462245|1.0
-6.375101461888492|-4.0817533241579955|1.0
-6.403771666845632|-4.084028056972324|1.0
-6.405976627395888|-4.067362230353293|1.0
-6.440145767372387|-3.9894954002792145|1.0
-6.328866455882004|-4.087640047876256|1.0
-6.4221252155523985|-4.0254703120424065|1.0
-6.367863918990928|-4.013494194043985|1.0
-6.222655275693648|-4.031776089880016|1.0
-6.324793486009866|-4.071191640358553|1.0
-6.345930845070148|-4.082670110951741|1.0
-6.352147251872148|-4.054364661435959|1.0
-6.320746913294248|-4.066984807252017|1.0
-6.3109357956507965|-4.04631614369206|1.0
-6.300940475310982|-4.102302246141391|1.0
-6.334757822342282|-4.007749819545408|1.0
-6.426231573256409|-4.005222594779259|1.0
-6.456875548656453|-4.019140457540267|1.0
-6.341695356091167|-4.034091490160854|1.0
-6.30333236207092|-4.040349985551958|1.0
-6.430719610769642|-4.0147221681804295|1.0
-6.371504018401724|-4.030807029244624|1.0
-6.39134623901685|-4.031099108732095|1.0
-6.388676879735134|-4.022928964397394|1.0
-6.338340354731426|-4.061258709599119|1.0
-6.444381248915188|-4.023283033728524|1.0
-6.397273540184988|-4.075808344586827|1.0
-6.402910248930419|-4.0802710274149945|1.0
-6.434604718230524|-4.037742511831612|1.0
-6.520685439149848|-4.070058810240926|1.0
-6.50966372791599|-3.9979903792914633|1.0
-6.344218662242594|-3.986111522633627|1.0
-6.39081801019116|-4.067183544668398|1.0
-6.362566263787163|-4.036972588921684|1.0
-6.373820632375226|-4.046026644271381|1.0
-6.309567257213135|-3.9992508773691533|1.0
-6.384122117943924|-4.0346066801319145|1.0
-6.3440565684583445|-4.006986703655357|1.0
-6.332477061440918|-4.047898559184145|1.0
-6.316846059696912|-3.9749451351990737|1.0
-6.300331887604588|-3.9961281231526526|1.0
-6.423046754649686|-3.9967563170382103|1.0
-6.321839532531499|-4.027206727544104|1.0
-6.345052329905676|-4.005740670074706|1.0
-6.437278473408019|-4.063768415256966|1.0
-6.354892128046336|-4.0691304379346525|1.0
-6.382974033074298|-3.997163053389809|1.0
-6.3920375338346815|-4.051128334306052|1.0
-6.393200720036766|-4.0330229225245|1.0
-6.453385064882841|-4.022550615360335|1.0
-6.3902326879702|-4.013390580058574|1.0
-6.424460485971059|-3.9713457994800336|1.0
-6.406411331164944|-4.034716879821006|1.0
-6.341389783860423|-4.093573373201548|1.0
-6.403874463128863|-4.034711886556216|1.0
-6.4211743464315925|-4.031437799785511|1.0
-6.431068844260392|-4.081595940843828|1.0
-6.567514623485263|-4.053400446489505|1.0
-6.416793849400118|-4.035303749487814|1.0
-6.458616122501953|-3.9865030641524024|1.0
-6.406630204690183|-4.095858737944699|1.0
-6.33576313827966|-4.09528129446519|1.0
-6.426846746897426|-4.020400470043205|1.0
-6.423864664998475|-4.01785218198248|1.0
-6.418497314224808|-3.993723601529366|1.0
-6.421738392257084|-4.075689986392103|1.0
-6.439694083942425|-4.050723248422383|1.0
-6.281495408403313|-3.991329494369692|1.0
-6.437379253151223|-4.0281650697149125|1.0
-6.362688105928734|-3.9885872790035144|1.0
-6.285102717768575|-4.011701266165317|1.0
-6.4492012582389036|-4.044244462705596|1.0
-6.30634855089033|-3.9914110302841457|1.0
-6.367745315154927|-4.00919925612077|1.0
-6.398608917240488|-3.998762776855335|1.0
-6.381297831709937|-4.029723803501769|1.0
-6.369498360981829|-4.011379592733251|1.0
-6.403328687110455|-3.957523913089807|1.0
-6.391460417984827|-4.037858241880521|1.0
-6.401420857576917|-4.00627601427001|1.0
-6.3768056767113945|-4.007156883054957|1.0
-6.293119972998535|-4.081815875504662|1.0
-6.380387982341611|-4.040112256020154|1.0
-6.400981864845473|-4.019478579605039|1.0
-6.40774225353879|-3.9799853571029167|1.0
-6.4011838489592625|-4.035622595004712|1.0
-6.365796547481246|-4.04025587546843|1.0
-6.39159122832438|-4.021945050977046|1.0
-6.309913885063875|-3.9549987953200882|1.0
-6.385567768531242|-3.981510952316845|1.0
-6.415115790787826|-4.0438559436756405|1.0
-6.319075133323177|-4.005179130307095|1.0
-6.408647896362384|-4.0105358251397245|1.0
-6.4191777357707185|-4.013293485821983|1.0
-6.348556268219142|-4.03385736246435|1.0
-6.256443904536723|-3.9925817989387835|1.0
-2.5451311220992707|-3.6379573092210484|1.0
-6.364342791059539|-4.057489336628355|1.0
-6.4192740147351754|-4.0337553526187735|1.0
-6.353491724134617|-4.051935380254793|1.0
-6.368181129080768|-3.9873784129559855|1.0
-6.3715171054942425|-4.004445717861007|1.0
-6.300290769811102|-4.011803380503356|1.0
-6.299548011260438|-4.030832064031874|1.0
-6.300333419420506|-4.020158644114129|1.0
-6.428298785402015|-3.9716480927601276|1.0
-6.412673420885839|-4.039060207457625|1.0
-6.362511294060159|-4.05424324805539|1.0
-6.431238262015527|-3.978011108729361|1.0
-6.390160483331887|-3.994965300450157|1.0
-6.454110971010139|-3.960007126380529|1.0
-6.422922327241661|-3.9535707111499754|1.0
-6.3711560225221415|-3.981120492667932|1.0
-6.410817342070098|-3.991644107852781|1.0
-6.432976324777382|-3.991007377654349|1.0
-6.383509556963358|-4.036187343757614|1.0
-6.358942917349302|-4.021592569346309|1.0
-6.38359617761512|-4.008589599012353|1.0
-6.343342304798929|-4.028125465451104|1.0
-6.359870529214493|-4.018787264869468|1.0
-6.362630218881347|-4.049578067265935|1.0
-6.313456285135243|-4.033300282439025|1.0
-6.390764549614175|-4.034237497151112|1.0
-6.398366372334593|-4.004769438528413|1.0
-6.4029866564629705|-4.022748622288154|1.0
-6.362200064004758|-3.9913816966321276|1.0
-6.361770073565639|-3.958186841659875|1.0
-6.330987096740813|-4.0169880254619175|1.0
-6.3415965008693505|-4.0540723475762706|1.0
-6.34180106110871|-3.996601837962262|1.0
-6.385659866294248|-3.989962033721112|1.0
-6.344902030582053|-3.9859463535716517|1.0
-6.312570787940736|-3.958704966329795|1.0
-6.2654020307146405|-3.967887660790802|1.0
-6.360972921264794|-3.9887176099728276|1.0
-6.295319435124435|-4.015003521901548|1.0
-6.320669156949574|-4.037178252876396|1.0
-6.389062966838704|-4.031554772989604|1.0
-6.3642134483633255|-4.064635297893716|1.0
-6.342413683766706|-4.079761325799862|1.0
-6.355396235456441|-4.031778028287096|1.0
-6.383706550261037|-4.068984559513351|1.0
-6.446992717260223|-4.028899734941998|1.0
-6.421639359533597|-4.05450566840344|1.0
-6.334682470638179|-4.076720690830116|1.0
-6.436770832619382|-4.09257794145093|1.0
-6.312560836993281|-4.0208418409936835|1.0
-6.412773515975515|-4.039734441915314|1.0
-6.407819411314061|-4.052291946593865|1.0
-6.3740017645000275|-4.065608013389267|1.0
-6.547299781585963|-4.037324135873357|1.0
-6.471682346500386|-4.0237143791773695|1.0
-6.368200299888944|-4.004390903417877|1.0
-6.434312612700032|-3.9981998912166117|1.0
-6.3272373834923235|-4.025368961635812|1.0
-6.421728841155922|-4.030832082253274|1.0
-6.427005340647944|-4.058019849743959|1.0
-6.361179124195265|-4.0790873984301355|1.0
-6.43032390868626|-4.018635447467771|1.0
-6.312623820945059|-4.112511641734171|1.0
-6.391043857725291|-3.9671251150806697|1.0
-6.379433248471236|-4.1111291718175496|1.0
-6.447188168641263|-4.074770961878337|1.0
-6.44071719648467|-4.0364304975847105|1.0
-6.3920339152151575|-4.013235122442344|1.0
-6.471604597849793|-4.02126620154546|1.0
-6.469761376552385|-4.0470315071714005|1.0
-6.460522058534628|-3.9928832205118874|1.0
-6.423742550872577|-3.9386849233422323|1.0
-6.505650006420824|-3.9999452503675843|1.0
-6.445974279539801|-4.041704642461538|1.0
-6.380059638758828|-4.037653560815995|1.0
-6.399242789412402|-4.012862294973099|1.0
-6.329153563409228|-4.0632400301220715|1.0
-6.395625805815458|-4.01616492191676|1.0
-6.423573053661019|-4.026983131366282|1.0
-6.378177618710917|-4.005201492512033|1.0
-6.397428879220785|-3.976746284489769|1.0
-6.419235368676073|-4.032257085418285|1.0
-6.45362602073165|-4.013344553915546|1.0
-6.36557970894634|-4.006574644599387|1.0
-6.341661022136008|-4.0433984833620835|1.0
-6.3916653876140135|-4.028791911833249|1.0
-6.847436149793311|-3.6776064425101795|1.0
-6.336871324169146|-3.9986603833781467|1.0
-6.4243879589887705|-4.057090948588185|1.0
-6.352054795353507|-3.9904212216064776|1.0
-6.444054277839788|-4.064355962856599|1.0
-6.390852215159156|-4.017757361022525|1.0
-6.387754332934708|-4.063067330657467|1.0
-6.456212582487731|-4.021955073709605|1.0
-6.376179562231419|-4.048076095519105|1.0
-6.401651454141091|-4.056796778955138|1.0
-6.364891422187483|-4.018837580674711|1.0
-6.377264627753444|-4.044975069554261|1.0
-6.429649054411741|-4.021735984889436|1.0
-6.376826512801661|-4.021511282139571|1.0
-6.448968908299773|-4.051849777698674|1.0
-6.383341884962625|-4.045893078178807|1.0
-6.350702077079521|-4.065111901051251|1.0
-6.3903880341171275|-4.016088271323595|1.0
-6.390725286125053|-4.0657432843796455|1.0
-6.388009497948938|-4.030344491934752|1.0
-6.349283423889348|-4.050338254762262|1.0
-6.3416723604893175|-4.054411513307675|1.0
-6.321659651762239|-4.03646698787713|1.0
-6.396775915683944|-4.069470204761679|1.0
-6.359532953730529|-4.0874459995148795|1.0
-6.444740651577697|-3.992291296772701|1.0
-6.406827502326754|-3.9844328923821775|1.0
-6.321076068129725|-4.038864719416947|1.0
-6.375787821649108|-4.05709890601741|1.0
-6.417155772838612|-4.013617848511773|1.0
-6.319949209541426|-4.048342186889624|1.0
-6.46484026349065|-4.060419474848423|1.0
-6.296514343277492|-4.024623692555333|1.0
-6.37433328162245|-3.9925648479552662|1.0
-6.42069616620388|-4.060966678776426|1.0
-6.391716408925541|-4.022653717196285|1.0
-6.418562584182522|-4.044654876753291|1.0
-6.437003990605903|-3.9514411870006914|1.0
-6.3740269402741685|-4.04619530128861|1.0
-6.4970236129283165|-4.062495303953367|1.0
-6.342633289134395|-4.052029185651165|1.0
-6.445359213951844|-3.996445621122936|1.0
-6.424906525127837|-4.01591877477917|1.0
-6.423133991125158|-4.003661429837425|1.0
-6.441698710581488|-4.047760454805751|1.0
-6.41407549373949|-4.008051556022672|1.0
-6.400101277009188|-4.056868112735826|1.0
-6.463386962004528|-4.094422377636971|1.0
-6.3720835316674815|-4.099553331171385|1.0
-6.393579295707628|-4.086825896602301|1.0
-6.947047873167917|-3.7064930581101|1.0
-2.5167080397200916|-3.79300548223155|1.0
-2.8756264970804426|-3.6198055790543964|1.0
-2.4670803671549155|-3.8074688721130188|1.0
-6.431586877122845|-4.0416739375415|1.0
-6.435134262184024|-4.063389116796314|1.0
-6.436889882502468|-4.097084281929468|1.0
-6.465731870245782|-4.109632286056011|1.0
-6.482448676807615|-4.052331353991611|1.0
-6.511086329950507|-4.024454068405045|1.0
-6.500314094529488|-4.060199245068362|1.0
-6.402663527619087|-4.060092755110858|1.0
-6.418909948424171|-4.038422034878987|1.0
-6.478818479500576|-4.093272840664853|1.0
-6.533401283697927|-4.051756105750356|1.0
-6.4162988587285685|-4.07202919764229|1.0
-6.5740209139629355|-4.086937724069432|1.0
-6.385239903718893|-4.111355561800901|1.0
-6.451431907870638|-4.023163417004347|1.0
-6.481050628081894|-4.084241029426023|1.0
-6.779961574809574|-4.091809944505236|1.0
-6.482199257564794|-4.079577957455208|1.0
-6.523415376380735|-4.023218368864348|1.0
-6.525694617396955|-4.0494285201029365|1.0
-6.515313697736089|-4.079230590449998|1.0
-6.424211211522739|-4.042069193754865|1.0
-6.3572022805347155|-4.022393462895161|1.0
-6.474942162716664|-4.063558343275731|1.0
-6.504253016596246|-4.078531291458408|1.0
-6.429035304626931|-4.09964833872467|1.0
-6.424525298234929|-4.031368151368207|1.0
-6.416173181315049|-4.055869665008419|1.0
-6.370035491740559|-4.069456611115534|1.0
-6.415863962887709|-4.051186096339911|1.0
-6.420681031547167|-4.152885373199115|1.0
-6.440149338240585|-4.104429711295242|1.0
-6.452647509247131|-4.106074127677712|1.0
-6.417326008434661|-4.042626351246323|1.0
-6.420902823679412|-4.088796270441486|1.0
-6.493847051136188|-4.028363375407767|1.0
-6.366766734309366|-4.093347507641772|1.0
-6.363581814515877|-4.055301246587643|1.0
-6.509076864885864|-4.093378440999693|1.0
-6.410350390491725|-4.047554784185477|1.0
-6.410493013880712|-4.089094157868578|1.0
-6.334711986155495|-4.085919672504815|1.0
-6.3937115997576734|-4.0797348537877935|1.0
-6.435798975205821|-4.072117359048923|1.0
-6.432938438353163|-4.087095368164721|1.0
-6.391948294369141|-4.068547667640052|1.0
-6.439475132443198|-4.0880895283012215|1.0
-6.500456357529308|-4.096322328991278|1.0
-6.430183003177201|-4.145020326338458|1.0
-6.450145021746293|-4.067952365166461|1.0
-6.4640611016811365|-4.118051703964125|1.0
-6.416987710528132|-4.102232658225381|1.0
-6.396668945870994|-4.099268427916797|1.0
-6.497265230509694|-4.035447073221262|1.0
-6.385654567776758|-4.103912642081859|1.0
-6.460989943054372|-4.120899737368457|1.0
-6.4908140665304375|-4.044108126376275|1.0
-6.432266451168374|-4.063328024659675|1.0
-6.399230249057177|-4.046008600674788|1.0
-6.417601005856104|-4.095569868228755|1.0
-6.391776938671931|-4.058804274927134|1.0
-6.44511632638785|-4.002907632636159|1.0
-6.431484541064863|-4.025385970880421|1.0
-6.419994679148431|-4.06586851890573|1.0
-6.413169491770896|-4.065704288896149|1.0
-6.5047666049939075|-4.056795008310213|1.0
-6.46350872653583|-4.09582137035104|1.0
-6.477380834447451|-4.066955702137568|1.0
-6.417435524764144|-4.028471216438577|1.0
-6.3498671953547605|-4.0263514435613725|1.0
-6.398075796652362|-4.067047387966386|1.0
-6.426126929450766|-4.017169478959673|1.0
-6.376079313667135|-4.046969649133324|1.0
-6.485874596778369|-4.015584119763052|1.0
-6.429224404347001|-4.087973272051244|1.0
-6.343782467927999|-4.03740143109769|1.0
-6.408464234988296|-4.029037107604288|1.0
-6.471825154643417|-4.044305546041643|1.0
-6.425054001793694|-4.062153774613642|1.0
-6.458523841443112|-4.022332698424156|1.0
-6.433711431390699|-4.0430961013941715|1.0
-6.343787098116226|-4.10629535724709|1.0
-6.444578021765971|-4.035744739884696|1.0
-6.374564699867276|-4.048124298936979|1.0
-6.400001095625559|-4.022729035385083|1.0
-6.459656681122738|-4.025639850156258|1.0
-6.4166681185128045|-4.066737455045996|1.0
-6.3839646431244175|-4.001233452437779|1.0
-6.366239636754219|-4.039636361826362|1.0
-6.381728461993543|-4.034811059426311|1.0
-6.3568127273608805|-4.111337661888617|1.0
-6.357365493539191|-3.9853371160657294|1.0
-6.353514766771727|-4.0693759117584225|1.0
-6.39278318796615|-4.03162994721303|1.0
-6.346133949518284|-4.068223103136876|1.0
-6.400300911746532|-4.031291278323764|1.0
-6.412411311512695|-4.024368072522813|1.0
-6.358600682472093|-4.011841669875278|1.0
-6.380906652381192|-4.085504978458416|1.0
-6.379798320856972|-4.055840193519447|1.0
-6.40904015244868|-4.032215545927402|1.0
-6.323375392022012|-4.063831552178743|1.0
-6.3804862636083115|-4.050846555446754|1.0
-6.411285204879354|-4.084510475279712|1.0
-6.449274586907397|-3.9673867426811644|1.0
-6.370199492627689|-4.026479546019337|1.0
-6.454115959856589|-4.059184544011142|1.0
-6.413280679475353|-4.064323721430683|1.0
-6.3669792086806005|-4.002714673247144|1.0
-6.433933708196415|-4.047487843342815|1.0
-6.422939736569781|-4.032106452796768|1.0
-6.473574985917178|-4.036827228809506|1.0
-6.405792104641932|-4.07651267806945|1.0
-6.382228244337101|-4.052735540455769|1.0
-6.4003931650549095|-4.063473600388591|1.0
-6.43583823790623|-4.0105430736385825|1.0
-6.3471006995490695|-4.037976255966815|1.0
-6.454084720449323|-4.037336220396751|1.0
-6.354121180743909|-3.9965561544794763|1.0
-6.383294797307796|-4.021202860906602|1.0
-6.529627264892853|-4.04709859341038|1.0
-6.3540519740224735|-4.043742906183957|1.0
-6.408330135211263|-4.0156989002733186|1.0
-6.396960935461556|-4.002726970499801|1.0
-6.281148452939748|-4.024619165056506|1.0
-6.396059827220059|-4.014284134663868|1.0
-6.398525386268303|-3.9992294754976134|1.0
-6.325482617429692|-3.977540982478296|1.0
-6.464209831187218|-4.024971045123553|1.0
-6.342477451858642|-4.014420831465142|1.0
-6.481500161411972|-3.9673192951161167|1.0
-6.371829064252635|-3.9880070403719974|1.0
-6.351668902607023|-3.984459936145895|1.0
-6.422622100528018|-4.004793076641801|1.0
-6.410481931102757|-4.057851970121182|1.0
-6.388107873749398|-4.03304381407493|1.0
-6.435564882512094|-4.044725608632026|1.0
-6.327377034872041|-4.0276095193042245|1.0
-6.425321007820694|-4.08238871227144|1.0
-6.381744450667675|-4.070641880601025|1.0
-6.358144834437059|-4.057038414732927|1.0
-6.301507436955443|-4.069720071676498|1.0
-6.377644417549779|-4.070575688296513|1.0
-6.418244431802719|-3.9870483549319715|1.0
-6.351747920689815|-4.066187099066792|1.0
-6.393495955933658|-4.009107012987209|1.0
-6.400409118694948|-4.000515288593628|1.0
-6.370411793193053|-4.017828230521735|1.0
-6.352278198332128|-4.051662867503446|1.0
-6.393653723504572|-3.998917328857063|1.0
-2.3616683032099997|-3.83688251718521|1.0
-2.4456209771187822|-3.7715308118680353|1.0
-2.448841262679444|-3.7321629785963237|1.0
-2.383101060057606|-3.783020810860303|1.0
-2.449869353194706|-3.7694996866455455|1.0
-2.377934715042012|-3.8654103257342776|1.0
-2.4285430383968807|-3.810771656363996|1.0
-2.44752806980954|-3.8730842752842234|1.0
-2.2621029726947284|-3.82070041768672|1.0
-2.4370201599804324|-3.854965257840943|1.0
-2.780300146967462|-3.6848263815651374|1.0
-2.4024453647554913|-3.757793839622649|1.0
-2.3818508336496635|-3.822689720155101|1.0
-2.4096839303583604|-3.9093063686848954|1.0
-2.5005751860832444|-3.820980409934682|1.0
-2.4582375516723087|-3.8474683802386616|1.0
-2.407307030474692|-3.867673659617085|1.0
-2.4250542886357196|-3.7859807529320384|1.0
-2.346946909794374|-3.8926992350205984|1.0
-2.3104243548867207|-3.944772893777039|1.0
-2.4432916078159894|-3.843647312757171|1.0
-2.3444873728691387|-3.8480391182613927|1.0
-2.4227652656730077|-3.868101313171677|1.0
-6.408405207921964|-4.05197752435438|1.0
-6.429106399434709|-4.06845037870316|1.0
-6.435397113830126|-4.036914167103694|1.0
-6.335665669433758|-3.9675680174156405|1.0
-6.357476014427953|-4.034060476957707|1.0
-6.347248958772252|-4.022125155664159|1.0
-6.335763496631436|-4.024314969897249|1.0
-6.413011791986983|-4.0616315936934715|1.0
-6.45456247517033|-4.115728481964549|1.0
-6.503014814634804|-4.098627820418487|1.0
-6.385994051800984|-4.022370938357165|1.0
-6.431792355552711|-4.085852677839322|1.0
-6.2480098761093235|-3.9956571715614233|1.0
-6.379983588871443|-4.036517421862422|1.0
-6.379292716458447|-4.010321229933958|1.0
-6.3816456927683864|-4.014324800465114|1.0
-6.4314893533708535|-3.994326998945958|1.0
-6.414176684881184|-4.032405781874541|1.0
-6.4139552409391305|-3.9890596311905537|1.0
-6.369625614650989|-3.9998312964789853|1.0
-6.393369199308414|-4.00267164830701|1.0
-6.373091527124661|-4.072464032503883|1.0
-6.351833251305376|-4.028962275601279|1.0
-6.454570433957426|-4.023780291320643|1.0
-6.461448691996561|-4.03353826573692|1.0
-6.392151919439949|-4.042180660729597|1.0
-6.344132801668735|-4.057759769883592|1.0
-6.332501354778905|-4.030035018325104|1.0
-6.380003133606119|-4.00044044814479|1.0
-6.441882494938674|-4.00815248565698|1.0
-6.369779857123428|-4.037818718755056|1.0
-6.390033937525349|-3.992037361537019|1.0
-6.417443301137724|-4.059358443093082|1.0
-6.3675819210268205|-4.01248385501549|1.0
-6.309096883750595|-4.047798808931765|1.0
-6.3976800527682665|-4.072829072468705|1.0
-6.4135212133697825|-4.028084652563833|1.0
-6.453098644751548|-4.011847925382435|1.0
-6.364855364219606|-4.033029803240461|1.0
-6.385053731668357|-4.060221841333166|1.0
-6.36254750333978|-4.057732815628961|1.0
-6.39723593805097|-4.090364357334076|1.0
-6.443830874891426|-4.048365281647229|1.0
-6.420977255060626|-4.061165913652551|1.0
-6.365130088762176|-4.035567288062372|1.0
-6.30871330245028|-4.015219670885429|1.0
-6.330179864983073|-4.036681339016591|1.0
-6.361581831531291|-4.048031468208607|1.0
-6.406783014018255|-4.061404584998022|1.0
-6.366746618673231|-4.035214785065426|1.0
-6.397152408392301|-4.035957216284975|1.0
-6.422094446630522|-4.020032389027644|1.0
-6.370923021823715|-4.025660016710029|1.0
-6.370028513427319|-4.010088818569124|1.0
-6.4477268439815685|-4.055184675379179|1.0
-6.535120082611502|-4.0648253453422845|1.0
-6.430131581127268|-4.0001769476240465|1.0
-6.39349448615541|-3.9944384685284797|1.0
-6.561318050186975|-4.096069701633|1.0
-6.4510594595929724|-4.0293610072113655|1.0
-6.349696893721281|-4.0097286591512304|1.0
-6.402102999008629|-3.9946968095068276|1.0
-6.380329242901858|-4.025119011154801|1.0
-6.446398696520244|-4.010067339398281|1.0
-6.399593957362915|-4.01727707906071|1.0
-6.337992064670196|-4.001317012693024|1.0
-6.419423651501425|-4.04902708601905|1.0
-6.369849852588594|-4.040203773862936|1.0
-6.373282592403828|-4.059785264778639|1.0
-6.409818150295433|-4.015267193657027|1.0
-6.552509923003505|-4.147550302556889|1.0
-6.376544987774597|-4.042068657920303|1.0
-6.393253041274817|-3.97972084190123|1.0
-6.394823192397602|-4.020551489628609|1.0
-6.380438251061537|-4.055992821393713|1.0
-6.428742336575934|-4.023006495645717|1.0
-6.458502332442403|-3.98427224288758|1.0
-6.449264554696994|-4.035313025226521|1.0
-6.511201958446923|-3.9525006544478214|1.0
-6.455104543221944|-4.037032139378893|1.0
-6.392451804939915|-4.011833314851462|1.0
-6.393921085081204|-3.978288175230484|1.0
-6.416421051495273|-3.995065799622223|1.0
-6.470705753087458|-4.0352764501499365|1.0
-6.398435736684655|-4.022040946218981|1.0
-6.451352607822491|-4.000974991671439|1.0
-6.387509108736074|-4.06722024644086|1.0
-6.340374571850638|-4.039811504483359|1.0
-6.432504283011318|-4.053184381726877|1.0
-6.453006971812814|-4.089817669945755|1.0
-6.4019183608604004|-3.9816928727396568|1.0
-6.442216310334469|-4.080319202179104|1.0
-6.308957753298209|-4.010968389063858|1.0
-6.401621679309348|-4.059929315599085|1.0
-6.3751689379653635|-4.0694449544491125|1.0
-6.373569095755018|-4.041183263249617|1.0
-6.448653010556666|-4.059356639481655|1.0
-6.345774421489043|-3.981851675273954|1.0
-6.403755612848027|-4.094652455763114|1.0
-6.39134423293519|-4.008332952181071|1.0
-6.373087134308917|-4.0143194717537485|1.0
-6.366147347177162|-4.0056337404475|1.0
-6.474470126725324|-4.0023945686919475|1.0
-6.386025883301477|-4.003419294655929|1.0
-6.388614821255498|-4.052249298057568|1.0
-6.3742694377692795|-4.0178822478792915|1.0
-6.408878651350928|-4.022380564895248|1.0
-6.396934999827032|-4.022618385567534|1.0
-6.4609762978526115|-3.995957583272982|1.0
-6.367281251240414|-4.045261280813243|1.0
-6.447113264249001|-4.034687202463203|1.0
-6.534422170922798|-4.039066701289014|1.0
-6.410685955672126|-4.040650494740381|1.0
-6.390069310533272|-4.018486260809995|1.0
-6.439462687383611|-4.02999197878656|1.0
-6.483267120231061|-4.006556318815666|1.0
-6.396000210443499|-4.00263962368175|1.0
-6.501143774032376|-4.0132062301105|1.0
-6.432542001719943|-3.976847593429272|1.0
-6.4513737230104375|-4.005696291405574|1.0
-6.45689109889716|-4.034248417147356|1.0
-6.372882571952723|-4.08576517048168|1.0
-6.442808263088186|-3.945420077456018|1.0
-6.45642966961149|-4.017094624757363|1.0
-6.408502956801636|-3.9797185336325898|1.0
-6.400688891642222|-4.026209738341199|1.0
-6.449321057966889|-4.058859414436449|1.0
-6.455107889750663|-4.024380320308164|1.0
-6.430147572883327|-4.0787064291721205|1.0
-6.4086993424200545|-4.070095158383274|1.0
-6.430701629985271|-4.038403502343845|1.0
-6.429854217505694|-4.0265044061263975|1.0
-6.3318897154093285|-3.9900667131550107|1.0
-6.419887565087726|-4.113550092164213|1.0
-6.4246590975431435|-3.9955505542653627|1.0
-6.398140298352198|-4.006360817203405|1.0
-6.432059737387911|-4.032482001943416|1.0
-6.5047709777166505|-4.027095979869426|1.0
-6.329733222490128|-4.007241282328707|1.0
-6.414360166803906|-4.052721334828527|1.0
-6.407970091562072|-4.044791389084121|1.0
-6.351519980839237|-4.035843602169687|1.0
-6.364832948381139|-4.035279498760977|1.0
-6.3207076901026875|-4.0770313049301325|1.0
-6.409721824056006|-4.081885669568052|1.0
-6.378078851132197|-4.045474552614861|1.0
-6.433092350103656|-4.052976989107757|1.0
-6.412735703055448|-4.1034115401101054|1.0
-6.428889929012056|-4.070557519331244|1.0
-6.403022985480877|-4.1009816400462675|1.0
-6.38502106284076|-4.068173277899295|1.0
-6.394245227845321|-4.062686263125432|1.0
-6.2790218327473|-4.061472375946677|1.0
-6.386290248067735|-4.067664354022922|1.0
-6.389104508093667|-4.082461617696907|1.0
-6.3509135015830935|-4.0792567543093385|1.0
-6.340685453388849|-4.077015003879758|1.0
-6.328200357865356|-4.074316760103345|1.0
-6.3457946181225475|-4.083613669513326|1.0
-6.365616375020515|-4.1004362734456725|1.0
-6.397286037510876|-4.113174310472269|1.0
-6.476847830762947|-4.026938553039337|1.0
-6.43712070538308|-4.065974961139512|1.0
-6.353741668658058|-4.050762062022503|1.0
-6.430027827677161|-4.063281450401628|1.0
-6.366269536439524|-4.090336625809479|1.0
-6.3636344747266405|-4.079501762979197|1.0
-6.3762119366522505|-4.098575276041845|1.0
-6.337749634072168|-4.056927237215491|1.0
-6.40388871876154|-4.064731097185396|1.0
-6.362162977926975|-4.047498658455499|1.0
-6.3428402051090655|-4.046074997271242|1.0
-6.364604166227986|-4.071403743777342|1.0
-6.399713192570911|-4.060224853384166|1.0
-6.388199055435984|-4.0840587149461784|1.0
-6.441090843917345|-4.079964811164272|1.0
-6.363928688259924|-4.049361708960274|1.0
-6.342241554582947|-4.056974996045682|1.0
-6.332061432173781|-4.021969311605536|1.0
-6.392126414089231|-4.053575225710225|1.0
-6.390840324264409|-4.037564478626131|1.0
-6.891993820807771|-3.6772928255169526|1.0
-6.421159714679717|-4.02591349464724|1.0
-6.356639072790326|-4.024633312018598|1.0
-6.408329083594095|-4.063265543881771|1.0
-6.378122329633047|-4.074527817157148|1.0
-6.452360909709654|-4.017753682528489|1.0
-6.378063238496544|-4.004535209287516|1.0
-6.393382960315881|-4.053911627586497|1.0
-6.350670730352427|-4.00405347277798|1.0
-6.319331402433988|-4.070496252527622|1.0
-6.504455158047676|-4.0209814214681465|1.0
-6.3844655523032365|-4.031042064479251|1.0
-6.362336487926685|-4.033931825780616|1.0
-6.396282429781761|-4.064909893413338|1.0
-6.3657299235785|-4.07001156598628|1.0
-6.444844310966081|-4.0414495094147815|1.0
-6.4218305607473605|-4.054965507059323|1.0
-6.356099522232716|-4.0398272082111335|1.0
-6.483386845686456|-4.074160478266078|1.0
-6.414299358474223|-4.064569568511236|1.0
-6.461705567396629|-4.105438062690437|1.0
-6.335618694149354|-4.031768492287627|1.0
-6.381123806321246|-4.059886047290233|1.0
-6.521797689843341|-4.147862580374361|1.0
-6.396707807944297|-4.000733708947282|1.0
-6.430376223094936|-4.032934758138493|1.0
-6.422042965045681|-4.073714981366776|1.0
-6.425139398173499|-4.027088266290355|1.0
-6.391429970569226|-4.103197643981078|1.0
-6.3843772262251015|-4.06260225254523|1.0
-6.376720152392763|-4.013140325248327|1.0
-6.397051455602274|-3.9909053127440846|1.0
-6.389395327344852|-4.039363543141789|1.0
-6.424760939394326|-4.060992243071605|1.0
-6.381084738438117|-3.997627674221656|1.0
-6.325072741881804|-3.975688987228676|1.0
-6.405625690547747|-4.087678117902301|1.0
-6.424698130834597|-4.1119962023137075|1.0
-6.391704263716939|-4.091347412436342|1.0
-6.294570444659713|-4.0486911552550255|1.0
-6.383612029166793|-4.065360820086639|1.0
-6.390286550725362|-4.066024082500069|1.0
-6.393250355915592|-4.097627894548731|1.0
-6.382068478367792|-4.062960999729276|1.0
-6.380338451378057|-4.077250656353209|1.0
-6.387470563502329|-4.128476439964048|1.0
-6.431914730652891|-4.0332822994910735|1.0
-6.368738506319661|-4.106604856942387|1.0
-6.38262633422645|-4.0757571403006825|1.0
-6.359031490040938|-4.054220666743037|1.0
-6.426842937403448|-4.077319820274133|1.0
-6.422103101069051|-4.101982844799362|1.0
-6.458407823665476|-4.044136620563202|1.0
-6.423986064424121|-4.035060682540354|1.0
-6.463614773736643|-4.056024580481387|1.0
-6.439823781746348|-4.021887838801516|1.0
-6.495618616966161|-4.029219782110204|1.0
-6.419100756663933|-4.0154040975851935|1.0
-6.382248442682279|-4.04826558499646|1.0
-6.373745779558774|-4.05738465356528|1.0
-6.38596881402675|-4.059828552565568|1.0
-6.417446868285269|-4.07574060116014|1.0
-6.379735061719786|-4.09159956585886|1.0
-6.502770065194277|-4.083407237380296|1.0
-6.427626673410965|-4.089659144436215|1.0
-6.527567959932273|-4.067059454826763|1.0
-6.419827053549122|-4.042210625176307|1.0
-6.415337688898617|-4.041592885195474|1.0
-6.456699352522312|-4.057482859729423|1.0
-6.466583255468436|-4.11824278636584|1.0
-6.370882523361528|-4.0971810803965285|1.0
-6.52317279873608|-4.111676719397868|1.0
-6.356115185600218|-4.05771738664864|1.0
-6.475129847636307|-4.087073111575212|1.0
-6.360723341014177|-4.077721866470971|1.0
-6.532073222788717|-4.119798043461777|1.0
-6.4308595093242165|-4.012618767647869|1.0
-6.393312511072895|-4.073585372926347|1.0
-6.507051532372241|-4.053045343386528|1.0
-6.466643502752066|-4.0152806816212605|1.0
-6.4666086172461466|-4.088423975852053|1.0
-6.4548630674363245|-4.055261512836931|1.0
-6.428268557052067|-4.06281373697004|1.0
-6.4396441172927|-4.067923955486736|1.0
-6.532130044080867|-4.0941185760321686|1.0
-6.4465450651217076|-4.066161473110705|1.0
-6.435677210699897|-4.07875533591294|1.0
-6.397787725220392|-4.089852950804644|1.0
-6.428675349183095|-4.072046779392306|1.0
-6.412407554150569|-4.0367682682336765|1.0
-6.4703260900876405|-4.079202341776327|1.0
-6.420491289167821|-4.050527741419095|1.0
-6.386679313841238|-4.037848687572474|1.0
-6.365550064833528|-4.086667886459901|1.0
-6.377952764095588|-4.0406163637247445|1.0
-6.433546310579387|-4.0755339047594745|1.0
-6.360983811157812|-4.102155170368152|1.0
-6.329156967390284|-4.028623374239766|1.0
-6.425107686905989|-4.06086243634373|1.0
-6.305477945133828|-4.079878273246508|1.0
-6.374218018362601|-4.069642170107662|1.0
-6.45030408317003|-4.0530520639727285|1.0
-6.368681630014836|-4.019682347953822|1.0
-6.432115007693267|-4.022015934477317|1.0
-6.363555834732291|-4.022668425852993|1.0
-6.338140674380345|-4.021891842404932|1.0
-6.395971685164717|-4.035723736094046|1.0
-6.357011719823542|-4.052344076680847|1.0
-6.26836474619482|-4.065136017889896|1.0
-6.319900212279817|-4.057674569288583|1.0
-6.358311163478045|-4.056319037553859|1.0
-6.382035600402744|-3.9930726979105744|1.0
-6.35260643458152|-3.9903020597146543|1.0
-6.320135869246614|-4.038004376131649|1.0
-6.425304735812534|-4.045022305960571|1.0
-6.370804028923367|-4.086749306949871|1.0
-6.361073215240144|-4.083696865301864|1.0
-6.347995827414452|-4.103648942306108|1.0
-6.438446473424507|-4.056587438453212|1.0
-6.382561269898909|-4.076065487615971|1.0
-6.3936292130841945|-4.026232585416183|1.0
-6.400476201875993|-4.029014139010891|1.0
-6.402008047589678|-4.085140374197477|1.0
-6.369673175432679|-4.063467930432963|1.0
-6.400653789656234|-3.999109975329872|1.0
-6.44228712472713|-3.981456596744911|1.0
-6.439974268260309|-4.0429925033166265|1.0
-6.374050353721177|-4.0298224272920615|1.0
-6.423533507937843|-3.962566999159312|1.0
-6.448495751224657|-4.030675236354349|1.0
-6.414605648418246|-3.991017283332436|1.0
-6.441835786210629|-4.0070949336481645|1.0
-6.435553583644997|-4.033345629469369|1.0
-6.490739953018924|-4.010873106605025|1.0
-6.510239983245801|-3.9974655196779936|1.0
-6.419324237888368|-4.0583406106670505|1.0
-6.366510844234325|-4.0362267939244365|1.0
-6.422306379039905|-4.023321335175732|1.0
-6.368632428279563|-4.0002891945386985|1.0
-6.4376863761238905|-4.027331362087967|1.0
-6.3850056084375515|-4.0046975119339|1.0
-6.486209039087167|-4.00401782871347|1.0
-6.406111529454446|-4.031727994343996|1.0
-6.451134154305325|-4.010147162197176|1.0
-6.518701861459845|-4.053032267434615|1.0
-6.3332876332423815|-4.009394174097688|1.0
-6.375041544303459|-3.9667289806782637|1.0
-6.39538940510914|-3.957528333655735|1.0
-6.556453939562875|-3.9741143903136713|1.0
-6.429466889607426|-4.08008415976271|1.0
-6.4284176932137855|-4.0165033315547465|1.0
-6.458953978825913|-4.030858781470421|1.0
-6.446230263870684|-3.996949853037152|1.0
-6.4187673780879875|-4.051045683252332|1.0
-6.328848845791264|-4.06647676320268|1.0
-6.311206215349837|-4.019930055727024|1.0
-6.324578480318567|-3.9872153640829864|1.0
-6.340707204785424|-4.034278598449798|1.0
-6.386497024227127|-4.058470949290137|1.0
-6.389355810165543|-4.029645948474802|1.0
-6.4231566447886825|-4.087737232152229|1.0
-6.491909212816539|-4.000631014357741|1.0
-6.502779909659408|-4.011736584209095|1.0
-6.385210520816355|-4.034161327529484|1.0
-6.425310102366754|-3.9794466678960685|1.0
-6.359357388030286|-3.9520186371336874|1.0
-6.39050526862705|-4.004711894472269|1.0
-6.324369167703778|-4.009860353708487|1.0
-6.4141587375323725|-4.07246825030588|1.0
-6.40912715710072|-4.026120014425484|1.0
-6.370465807007948|-4.026134246572795|1.0
-6.409939291472927|-4.055891970339929|1.0
-6.3719721621388|-4.062655471027726|1.0
-6.483222242445063|-4.003634044441707|1.0
-6.360357606380442|-4.01953122690262|1.0
-6.520294826962157|-4.080149870159095|1.0
-6.427492997288202|-4.037055656746506|1.0
-6.507932509348357|-3.999687295102705|1.0
-6.4601670866864636|-4.029607238332059|1.0
-6.375915394212459|-4.072569080858629|1.0
-6.398165297685905|-4.025008734804144|1.0
-6.4161632814324125|-4.03283883998192|1.0
-6.428508971268121|-3.993572314540512|1.0
-6.455338345550527|-4.060603487437847|1.0
-6.436134483855618|-4.0403345692482135|1.0
-6.405687633411317|-4.021396851689871|1.0
-6.484557307288822|-4.03604396806522|1.0
-6.522316949043839|-3.9740439357146147|1.0
-6.411445028895259|-4.061300741631267|1.0
-6.444641446958391|-4.042889333551219|1.0
-6.404487682265132|-4.056857624736852|1.0
-6.373852328349456|-3.992273113285239|1.0
-6.466004670306202|-4.045459970307644|1.0
-6.40448584509363|-3.993106411052421|1.0
-6.401844120852859|-3.9829720961066446|1.0
-6.358792479184514|-4.0541084981440845|1.0
-6.450089572937116|-3.999383858680226|1.0
-6.358884135106807|-4.05181375465566|1.0
-6.398252456137355|-4.021206959027994|1.0
-6.509183228203897|-4.0314405348221305|1.0
-6.37598843238631|-4.035733016074806|1.0
-6.461555863478622|-4.029363161165651|1.0
-6.387170504516622|-3.972853294611197|1.0
-6.3850714794684365|-4.052040828394707|1.0
-6.400388297550077|-3.954162097486908|1.0
-6.412405470036998|-4.01596882745661|1.0
-6.452732393370502|-3.9675957090822553|1.0
-6.448642948834393|-4.04336580797994|1.0
-6.4066396681018745|-3.9679786196587647|1.0
-6.368883351593404|-4.039804016590452|1.0
-6.379821127417894|-4.025201250160749|1.0
-6.35034883532876|-3.9817346730133134|1.0
-6.401438712489875|-4.027916643309237|1.0
-6.385319690004459|-4.021842923480007|1.0
-6.3119684028434|-3.9545274917591993|1.0
-6.399241357297087|-4.017026975585621|1.0
-6.468175527556302|-4.065277736601941|1.0
-6.428652720713066|-4.027953514319968|1.0
-6.343820946819135|-4.015899038420825|1.0
-6.327178438225054|-3.955207213444957|1.0
-6.311191292156075|-4.000202674229392|1.0
-6.378399534754844|-4.0040104786161255|1.0
-6.383324713610085|-4.004496927381074|1.0
-6.389079577916224|-4.020779283102936|1.0
-6.356831279296555|-3.9966930805981575|1.0
-6.348907345737936|-4.023329204591069|1.0
-6.41367754582715|-3.9620742386165135|1.0
-6.451259467490137|-3.9934277940649765|1.0
-6.313491681013093|-4.011897655781721|1.0
-6.29703713978352|-3.963547311659334|1.0
-6.36802977583276|-3.984780916149462|1.0
-6.435359167127189|-3.9733137349826695|1.0
-6.438136839545527|-3.9888238686700426|1.0
-6.412847564318592|-3.995020005341818|1.0
-6.390548096827715|-3.976437309215384|1.0
-6.443214797641898|-3.9546636552209646|1.0
-6.438214160124755|-4.0075285485271674|1.0
-6.470025063264711|-3.9665717466918924|1.0
-6.365606047414475|-3.9633987345328174|1.0
-6.867533692761247|-3.668182252878657|1.0
-6.410477540839279|-4.037071087847334|1.0
